# Nota: C-Order, 1 refers to the Y axis, 2 to the X axis
# Calibration done at Thu Jun 12 10:49:33 2025
poni_version: 2.1
Detector: Pilatus1M
Detector_config: {"orientation": 3}
Distance: 0.31147854362633814
Poni1: 0.10266149480874077
Poni2: 0.09167324966469656
Rot1: 0.0
Rot2: 0.0
Rot3: 0.0
Wavelength: 8.189e-11
